
0 0.532139961 0.946026558 0.5 0.5 0 0 1.0 0.0 0.0 0.0 0.0 1.0 0.0 0.0 0.0 0.0 1.0 -0.0
0 0.532139961 0.946026558 0.5 0.5 0 0 1.0 0.0 0.0 0.0 0.0 1.0 0.0 0.0 0.0 0.0 1.0 -0.037037037037037035
0 0.532139961 0.946026558 0.5 0.5 0 0 1.0 0.0 0.0 0.0 0.0 1.0 0.0 0.0 0.0 0.0 1.0 -0.07407407407407407
0 0.532139961 0.946026558 0.5 0.5 0 0 1.0 0.0 0.0 0.0 0.0 1.0 0.0 0.0 0.0 0.0 1.0 -0.1111111111111111
0 0.532139961 0.946026558 0.5 0.5 0 0 1.0 0.0 0.0 0.0 0.0 1.0 0.0 0.0 0.0 0.0 1.0 -0.14814814814814814
0 0.532139961 0.946026558 0.5 0.5 0 0 1.0 0.0 0.0 0.0 0.0 1.0 0.0 0.0 0.0 0.0 1.0 -0.18518518518518517
0 0.532139961 0.946026558 0.5 0.5 0 0 1.0 0.0 0.0 0.0 0.0 1.0 0.0 0.0 0.0 0.0 1.0 -0.2222222222222222
0 0.532139961 0.946026558 0.5 0.5 0 0 1.0 0.0 0.0 0.0 0.0 1.0 0.0 0.0 0.0 0.0 1.0 -0.25925925925925924
0 0.532139961 0.946026558 0.5 0.5 0 0 1.0 0.0 0.0 0.0 0.0 1.0 0.0 0.0 0.0 0.0 1.0 -0.2962962962962963
0 0.532139961 0.946026558 0.5 0.5 0 0 1.0 0.0 0.0 0.0 0.0 1.0 0.0 0.0 0.0 0.0 1.0 -0.3333333333333333
0 0.532139961 0.946026558 0.5 0.5 0 0 1.0 0.0 0.0 0.0 0.0 1.0 0.0 0.0 0.0 0.0 1.0 -0.37037037037037035
0 0.532139961 0.946026558 0.5 0.5 0 0 1.0 0.0 0.0 0.0 0.0 1.0 0.0 0.0 0.0 0.0 1.0 -0.4074074074074074
0 0.532139961 0.946026558 0.5 0.5 0 0 1.0 0.0 0.0 0.0 0.0 1.0 0.0 0.0 0.0 0.0 1.0 -0.4444444444444444
0 0.532139961 0.946026558 0.5 0.5 0 0 1.0 0.0 0.0 0.0 0.0 1.0 0.0 0.0 0.0 0.0 1.0 -0.48148148148148145
0 0.532139961 0.946026558 0.5 0.5 0 0 1.0 0.0 0.0 0.0 0.0 1.0 0.0 0.0 0.0 0.0 1.0 -0.5185185185185185
0 0.532139961 0.946026558 0.5 0.5 0 0 1.0 0.0 0.0 0.0 0.0 1.0 0.0 0.0 0.0 0.0 1.0 -0.5555555555555556
0 0.532139961 0.946026558 0.5 0.5 0 0 1.0 0.0 0.0 0.0 0.0 1.0 0.0 0.0 0.0 0.0 1.0 -0.5925925925925926
0 0.532139961 0.946026558 0.5 0.5 0 0 1.0 0.0 0.0 0.0 0.0 1.0 0.0 0.0 0.0 0.0 1.0 -0.6296296296296295
0 0.532139961 0.946026558 0.5 0.5 0 0 1.0 0.0 0.0 0.0 0.0 1.0 0.0 0.0 0.0 0.0 1.0 -0.6666666666666666
0 0.532139961 0.946026558 0.5 0.5 0 0 1.0 0.0 0.0 0.0 0.0 1.0 0.0 0.0 0.0 0.0 1.0 -0.7037037037037037
0 0.532139961 0.946026558 0.5 0.5 0 0 1.0 0.0 0.0 0.0 0.0 1.0 0.0 0.0 0.0 0.0 1.0 -0.7407407407407407
0 0.532139961 0.946026558 0.5 0.5 0 0 1.0 0.0 0.0 0.0 0.0 1.0 0.0 0.0 0.0 0.0 1.0 -0.7777777777777777
0 0.532139961 0.946026558 0.5 0.5 0 0 1.0 0.0 0.0 0.0 0.0 1.0 0.0 0.0 0.0 0.0 1.0 -0.8148148148148148
0 0.532139961 0.946026558 0.5 0.5 0 0 1.0 0.0 0.0 0.0 0.0 1.0 0.0 0.0 0.0 0.0 1.0 -0.8518518518518519
0 0.532139961 0.946026558 0.5 0.5 0 0 1.0 0.0 0.0 0.0 0.0 1.0 0.0 0.0 0.0 0.0 1.0 -0.8888888888888888
0 0.532139961 0.946026558 0.5 0.5 0 0 1.0 0.0 0.0 0.0 0.0 1.0 0.0 0.0 0.0 0.0 1.0 -0.9259259259259258
0 0.532139961 0.946026558 0.5 0.5 0 0 1.0 0.0 0.0 0.0 0.0 1.0 0.0 0.0 0.0 0.0 1.0 -0.9629629629629629
0 0.532139961 0.946026558 0.5 0.5 0 0 1.0 0.0 0.0 0.0 0.0 1.0 0.0 0.0 0.0 0.0 1.0 -1.0
0 0.532139961 0.946026558 0.5 0.5 0 0 1.0 0.0 0.0 0.0 0.0 1.0 0.0 0.0 0.0 0.0 1.0 -1.037037037037037
0 0.532139961 0.946026558 0.5 0.5 0 0 1.0 0.0 0.0 0.0 0.0 1.0 0.0 0.0 0.0 0.0 1.0 -1.074074074074074
0 0.532139961 0.946026558 0.5 0.5 0 0 1.0 0.0 0.0 0.0 0.0 1.0 0.0 0.0 0.0 0.0 1.0 -1.1111111111111112
0 0.532139961 0.946026558 0.5 0.5 0 0 1.0 0.0 0.0 0.0 0.0 1.0 0.0 0.0 0.0 0.0 1.0 -1.1481481481481481
0 0.532139961 0.946026558 0.5 0.5 0 0 1.0 0.0 0.0 0.0 0.0 1.0 0.0 0.0 0.0 0.0 1.0 -1.1851851851851851
0 0.532139961 0.946026558 0.5 0.5 0 0 1.0 0.0 0.0 0.0 0.0 1.0 0.0 0.0 0.0 0.0 1.0 -1.222222222222222
0 0.532139961 0.946026558 0.5 0.5 0 0 1.0 0.0 0.0 0.0 0.0 1.0 0.0 0.0 0.0 0.0 1.0 -1.259259259259259
0 0.532139961 0.946026558 0.5 0.5 0 0 1.0 0.0 0.0 0.0 0.0 1.0 0.0 0.0 0.0 0.0 1.0 -1.2962962962962963
0 0.532139961 0.946026558 0.5 0.5 0 0 1.0 0.0 0.0 0.0 0.0 1.0 0.0 0.0 0.0 0.0 1.0 -1.3333333333333333
0 0.532139961 0.946026558 0.5 0.5 0 0 1.0 0.0 0.0 0.0 0.0 1.0 0.0 0.0 0.0 0.0 1.0 -1.3703703703703702
0 0.532139961 0.946026558 0.5 0.5 0 0 1.0 0.0 0.0 0.0 0.0 1.0 0.0 0.0 0.0 0.0 1.0 -1.4074074074074074
0 0.532139961 0.946026558 0.5 0.5 0 0 1.0 0.0 0.0 0.0 0.0 1.0 0.0 0.0 0.0 0.0 1.0 -1.4444444444444444
0 0.532139961 0.946026558 0.5 0.5 0 0 1.0 0.0 0.0 0.0 0.0 1.0 0.0 0.0 0.0 0.0 1.0 -1.4814814814814814
0 0.532139961 0.946026558 0.5 0.5 0 0 1.0 0.0 0.0 0.0 0.0 1.0 0.0 0.0 0.0 0.0 1.0 -1.5185185185185186
0 0.532139961 0.946026558 0.5 0.5 0 0 1.0 0.0 0.0 0.0 0.0 1.0 0.0 0.0 0.0 0.0 1.0 -1.5555555555555554
0 0.532139961 0.946026558 0.5 0.5 0 0 1.0 0.0 0.0 0.0 0.0 1.0 0.0 0.0 0.0 0.0 1.0 -1.5925925925925926
0 0.532139961 0.946026558 0.5 0.5 0 0 1.0 0.0 0.0 0.0 0.0 1.0 0.0 0.0 0.0 0.0 1.0 -1.6296296296296295
0 0.532139961 0.946026558 0.5 0.5 0 0 1.0 0.0 0.0 0.0 0.0 1.0 0.0 0.0 0.0 0.0 1.0 -1.6666666666666667
0 0.532139961 0.946026558 0.5 0.5 0 0 1.0 0.0 0.0 0.0 0.0 1.0 0.0 0.0 0.0 0.0 1.0 -1.7037037037037037
0 0.532139961 0.946026558 0.5 0.5 0 0 1.0 0.0 0.0 0.0 0.0 1.0 0.0 0.0 0.0 0.0 1.0 -1.740740740740741
0 0.532139961 0.946026558 0.5 0.5 0 0 1.0 0.0 0.0 0.0 0.0 1.0 0.0 0.0 0.0 0.0 1.0 -1.7777777777777777
0 0.532139961 0.946026558 0.5 0.5 0 0 1.0 0.0 0.0 0.0 0.0 1.0 0.0 0.0 0.0 0.0 1.0 -1.8148148148148149
0 0.532139961 0.946026558 0.5 0.5 0 0 1.0 0.0 0.0 0.0 0.0 1.0 0.0 0.0 0.0 0.0 1.0 -1.8518518518518516
0 0.532139961 0.946026558 0.5 0.5 0 0 1.0 0.0 0.0 0.0 0.0 1.0 0.0 0.0 0.0 0.0 1.0 -1.8888888888888888
0 0.532139961 0.946026558 0.5 0.5 0 0 1.0 0.0 0.0 0.0 0.0 1.0 0.0 0.0 0.0 0.0 1.0 -1.9259259259259258
0 0.532139961 0.946026558 0.5 0.5 0 0 1.0 0.0 0.0 0.0 0.0 1.0 0.0 0.0 0.0 0.0 1.0 -1.962962962962963
0 0.532139961 0.946026558 0.5 0.5 0 0 1.0 0.0 0.0 0.0 0.0 1.0 0.0 0.0 0.0 0.0 1.0 -2.0
0 0.532139961 0.946026558 0.5 0.5 0 0 1.0 0.0 0.0 0.0 0.0 1.0 0.0 0.0 0.0 0.0 1.0 -2.037037037037037
0 0.532139961 0.946026558 0.5 0.5 0 0 1.0 0.0 0.0 0.0 0.0 1.0 0.0 0.0 0.0 0.0 1.0 -2.074074074074074
0 0.532139961 0.946026558 0.5 0.5 0 0 1.0 0.0 0.0 0.0 0.0 1.0 0.0 0.0 0.0 0.0 1.0 -2.111111111111111
0 0.532139961 0.946026558 0.5 0.5 0 0 1.0 0.0 0.0 0.0 0.0 1.0 0.0 0.0 0.0 0.0 1.0 -2.148148148148148
0 0.532139961 0.946026558 0.5 0.5 0 0 1.0 0.0 0.0 0.0 0.0 1.0 0.0 0.0 0.0 0.0 1.0 -2.185185185185185
0 0.532139961 0.946026558 0.5 0.5 0 0 1.0 0.0 0.0 0.0 0.0 1.0 0.0 0.0 0.0 0.0 1.0 -2.2222222222222223
0 0.532139961 0.946026558 0.5 0.5 0 0 1.0 0.0 0.0 0.0 0.0 1.0 0.0 0.0 0.0 0.0 1.0 -2.2592592592592595
0 0.532139961 0.946026558 0.5 0.5 0 0 1.0 0.0 0.0 0.0 0.0 1.0 0.0 0.0 0.0 0.0 1.0 -2.2962962962962963
0 0.532139961 0.946026558 0.5 0.5 0 0 1.0 0.0 0.0 0.0 0.0 1.0 0.0 0.0 0.0 0.0 1.0 -2.3333333333333335
0 0.532139961 0.946026558 0.5 0.5 0 0 1.0 0.0 0.0 0.0 0.0 1.0 0.0 0.0 0.0 0.0 1.0 -2.3703703703703702
0 0.532139961 0.946026558 0.5 0.5 0 0 1.0 0.0 0.0 0.0 0.0 1.0 0.0 0.0 0.0 0.0 1.0 -2.4074074074074074
0 0.532139961 0.946026558 0.5 0.5 0 0 1.0 0.0 0.0 0.0 0.0 1.0 0.0 0.0 0.0 0.0 1.0 -2.444444444444444
0 0.532139961 0.946026558 0.5 0.5 0 0 1.0 0.0 0.0 0.0 0.0 1.0 0.0 0.0 0.0 0.0 1.0 -2.4814814814814814
0 0.532139961 0.946026558 0.5 0.5 0 0 1.0 0.0 0.0 0.0 0.0 1.0 0.0 0.0 0.0 0.0 1.0 -2.518518518518518
0 0.532139961 0.946026558 0.5 0.5 0 0 1.0 0.0 0.0 0.0 0.0 1.0 0.0 0.0 0.0 0.0 1.0 -2.5555555555555554
0 0.532139961 0.946026558 0.5 0.5 0 0 1.0 0.0 0.0 0.0 0.0 1.0 0.0 0.0 0.0 0.0 1.0 -2.5925925925925926
0 0.532139961 0.946026558 0.5 0.5 0 0 1.0 0.0 0.0 0.0 0.0 1.0 0.0 0.0 0.0 0.0 1.0 -2.6296296296296298
0 0.532139961 0.946026558 0.5 0.5 0 0 1.0 0.0 0.0 0.0 0.0 1.0 0.0 0.0 0.0 0.0 1.0 -2.6666666666666665
0 0.532139961 0.946026558 0.5 0.5 0 0 1.0 0.0 0.0 0.0 0.0 1.0 0.0 0.0 0.0 0.0 1.0 -2.7037037037037037
0 0.532139961 0.946026558 0.5 0.5 0 0 1.0 0.0 0.0 0.0 0.0 1.0 0.0 0.0 0.0 0.0 1.0 -2.7407407407407405
0 0.532139961 0.946026558 0.5 0.5 0 0 1.0 0.0 0.0 0.0 0.0 1.0 0.0 0.0 0.0 0.0 1.0 -2.7777777777777777
0 0.532139961 0.946026558 0.5 0.5 0 0 1.0 0.0 0.0 0.0 0.0 1.0 0.0 0.0 0.0 0.0 1.0 -2.814814814814815
0 0.532139961 0.946026558 0.5 0.5 0 0 1.0 0.0 0.0 0.0 0.0 1.0 0.0 0.0 0.0 0.0 1.0 -2.851851851851852
0 0.532139961 0.946026558 0.5 0.5 0 0 1.0 0.0 0.0 0.0 0.0 1.0 0.0 0.0 0.0 0.0 1.0 -2.888888888888889
0 0.532139961 0.946026558 0.5 0.5 0 0 1.0 0.0 0.0 0.0 0.0 1.0 0.0 0.0 0.0 0.0 1.0 -2.925925925925926
0 0.532139961 0.946026558 0.5 0.5 0 0 1.0 0.0 0.0 0.0 0.0 1.0 0.0 0.0 0.0 0.0 1.0 -2.962962962962963
